{
 "cells": [
  {
   "cell_type": "code",
   "execution_count": 66,
   "metadata": {
    "collapsed": true
   },
   "outputs": [],
   "source": [
    "import numpy as np\n",
    "from random import randint"
   ]
  },
  {
   "cell_type": "code",
   "execution_count": 67,
   "metadata": {
    "collapsed": false
   },
   "outputs": [
    {
     "data": {
      "text/plain": [
       "array([[ 7,  2, 17,  8,  4],\n",
       "       [ 4,  5, 17,  7,  4],\n",
       "       [ 3,  5, 12,  4,  7],\n",
       "       [10, 13, 19,  1,  7],\n",
       "       [19, 13,  8,  6, 15],\n",
       "       [19, 20,  3, 15,  6],\n",
       "       [16,  8, 11,  7,  3],\n",
       "       [ 2, 11, 14, 10, 20],\n",
       "       [14, 15, 10, 19,  3],\n",
       "       [ 6, 13,  5,  2, 20],\n",
       "       [15, 10,  6, 13,  7],\n",
       "       [ 3, 18,  2,  1,  3],\n",
       "       [14,  9, 15,  5, 12],\n",
       "       [13,  3, 14, 17,  7],\n",
       "       [11, 10, 20,  7, 19],\n",
       "       [16, 14, 18, 17,  7],\n",
       "       [ 6,  3,  2, 13, 13],\n",
       "       [18, 11, 19, 19, 14],\n",
       "       [15,  4, 16, 12,  7],\n",
       "       [ 9, 17, 20, 18,  4]])"
      ]
     },
     "execution_count": 67,
     "metadata": {},
     "output_type": "execute_result"
    }
   ],
   "source": [
    "mat = np.array([[randint(1,20) for _ in range(5)] for _ in range(20)])\n",
    "mat"
   ]
  },
  {
   "cell_type": "code",
   "execution_count": 68,
   "metadata": {
    "collapsed": false
   },
   "outputs": [
    {
     "data": {
      "text/plain": [
       "array([ 11.  ,  10.2 ,  12.4 ,  10.05,   9.1 ])"
      ]
     },
     "execution_count": 68,
     "metadata": {},
     "output_type": "execute_result"
    }
   ],
   "source": [
    "means = np.mean(mat, axis=0)\n",
    "means"
   ]
  },
  {
   "cell_type": "code",
   "execution_count": 69,
   "metadata": {
    "collapsed": false
   },
   "outputs": [],
   "source": [
    "diff = np.array([i-means for i in mat])"
   ]
  },
  {
   "cell_type": "code",
   "execution_count": 70,
   "metadata": {
    "collapsed": false
   },
   "outputs": [],
   "source": [
    "t = diff.transpose()"
   ]
  },
  {
   "cell_type": "code",
   "execution_count": 71,
   "metadata": {
    "collapsed": false
   },
   "outputs": [],
   "source": [
    "cov = np.dot(diff,t)"
   ]
  },
  {
   "cell_type": "code",
   "execution_count": 72,
   "metadata": {
    "collapsed": false,
    "scrolled": false
   },
   "outputs": [
    {
     "data": {
      "text/plain": [
       "array([[  3.36531250e+01,   3.10156250e+01,   2.39781250e+01,\n",
       "          1.01656250e+01,  -2.42468750e+01,  -3.74843750e+01,\n",
       "          7.24062500e+00,  -4.67187500e+00,  -1.24093750e+01,\n",
       "         -1.90218750e+01,  -9.78437500e+00,  -7.53437500e+00,\n",
       "          1.34062500e+00,   1.37156250e+01,  -1.90937500e+00,\n",
       "         -7.23437500e+00,   1.31562500e+00,  -1.18843750e+01,\n",
       "          1.45281250e+01,  -7.71875000e-01],\n",
       "       [  3.10156250e+01,   3.31281250e+01,   2.75906250e+01,\n",
       "          1.52781250e+01,  -2.71343750e+01,  -3.73718750e+01,\n",
       "          2.60312500e+00,   2.69062500e+00,  -1.32968750e+01,\n",
       "         -1.11593750e+01,  -1.36718750e+01,   6.57812500e+00,\n",
       "         -5.46875000e-01,   5.07812500e+00,  -1.29687500e+00,\n",
       "         -9.87187500e+00,  -1.07187500e+00,  -1.87718750e+01,\n",
       "          6.39062500e+00,   3.84062500e+00],\n",
       "       [  2.39781250e+01,   2.75906250e+01,   3.30531250e+01,\n",
       "          1.24906250e+01,  -1.61718750e+01,  -3.36593750e+01,\n",
       "          8.15625000e-01,   1.11531250e+01,  -2.23343750e+01,\n",
       "          1.35531250e+01,  -1.04593750e+01,   2.37906250e+01,\n",
       "          1.41562500e+00,  -4.20937500e+00,  -1.08437500e+00,\n",
       "         -2.49093750e+01,   1.38906250e+01,  -3.18093750e+01,\n",
       "         -2.14687500e+00,  -1.49468750e+01],\n",
       "       [  1.01656250e+01,   1.52781250e+01,   1.24906250e+01,\n",
       "          3.46781250e+01,  -1.23437500e+00,  -2.02218750e+01,\n",
       "          5.00312500e+00,  -1.59375000e-01,  -1.83968750e+01,\n",
       "          3.49062500e+00,  -1.72718750e+01,   1.39781250e+01,\n",
       "          1.26031250e+01,  -1.75218750e+01,   1.41031250e+01,\n",
       "         -3.97187500e+00,  -2.96718750e+01,  -1.31218750e+01,\n",
       "         -2.70937500e+00,   2.49062500e+00],\n",
       "       [ -2.42468750e+01,  -2.71343750e+01,  -1.61718750e+01,\n",
       "         -1.23437500e+00,   3.56031250e+01,   2.36156250e+01,\n",
       "          4.09062500e+00,  -3.07187500e+00,  -6.05937500e+00,\n",
       "          2.43281250e+01,   8.81562500e+00,   1.06562500e+00,\n",
       "          1.16906250e+01,  -1.29343750e+01,   9.19062500e+00,\n",
       "         -3.63437500e+00,  -8.34375000e-01,   5.46562500e+00,\n",
       "         -5.37187500e+00,  -2.31718750e+01],\n",
       "       [ -3.74843750e+01,  -3.73718750e+01,  -3.36593750e+01,\n",
       "         -2.02218750e+01,   2.36156250e+01,   7.06281250e+01,\n",
       "          8.85312500e+00,  -2.83093750e+01,   3.92031250e+01,\n",
       "         -4.15937500e+00,   2.78281250e+01,   2.10781250e+01,\n",
       "         -1.15468750e+01,  -7.17187500e+00,  -2.97968750e+01,\n",
       "          1.63781250e+01,  -2.57187500e+00,   7.72812500e+00,\n",
       "         -1.16093750e+01,   8.59062500e+00],\n",
       "       [  7.24062500e+00,   2.60312500e+00,   8.15625000e-01,\n",
       "          5.00312500e+00,   4.09062500e+00,   8.85312500e+00,\n",
       "          1.95781250e+01,  -2.88343750e+01,   4.42812500e+00,\n",
       "         -1.56843750e+01,   8.30312500e+00,   5.55312500e+00,\n",
       "          2.92812500e+00,   3.80312500e+00,  -1.53218750e+01,\n",
       "          1.03125000e-01,  -6.84687500e+00,  -8.29687500e+00,\n",
       "          8.86562500e+00,  -7.18437500e+00],\n",
       "       [ -4.67187500e+00,   2.69062500e+00,   1.11531250e+01,\n",
       "         -1.59375000e-01,  -3.07187500e+00,  -2.83093750e+01,\n",
       "         -2.88343750e+01,   5.07531250e+01,  -2.34843750e+01,\n",
       "          3.86531250e+01,  -1.73593750e+01,  -1.10937500e+00,\n",
       "          2.01562500e+00,  -1.11093750e+01,   3.00156250e+01,\n",
       "         -1.40593750e+01,   1.62406250e+01,   2.90625000e-01,\n",
       "         -1.45468750e+01,  -5.09687500e+00],\n",
       "       [ -1.24093750e+01,  -1.32968750e+01,  -2.23343750e+01,\n",
       "         -1.83968750e+01,  -6.05937500e+00,   3.92031250e+01,\n",
       "          4.42812500e+00,  -2.34843750e+01,   3.87781250e+01,\n",
       "         -3.05843750e+01,   1.64031250e+01,  -1.34687500e+00,\n",
       "         -1.64718750e+01,   1.06531250e+01,  -2.67218750e+01,\n",
       "          2.37031250e+01,  -5.49687500e+00,   1.48031250e+01,\n",
       "          9.65625000e-01,   2.76656250e+01],\n",
       "       [ -1.90218750e+01,  -1.11593750e+01,   1.35531250e+01,\n",
       "          3.49062500e+00,   2.43281250e+01,  -4.15937500e+00,\n",
       "         -1.56843750e+01,   3.86531250e+01,  -3.05843750e+01,\n",
       "          6.78031250e+01,  -4.95937500e+00,   3.62906250e+01,\n",
       "          8.66562500e+00,  -3.02093750e+01,   1.89156250e+01,\n",
       "         -3.36593750e+01,   2.51406250e+01,  -2.50593750e+01,\n",
       "         -2.56468750e+01,  -3.66968750e+01],\n",
       "       [ -9.78437500e+00,  -1.36718750e+01,  -1.04593750e+01,\n",
       "         -1.72718750e+01,   8.81562500e+00,   2.78281250e+01,\n",
       "          8.30312500e+00,  -1.73593750e+01,   1.64031250e+01,\n",
       "         -4.95937500e+00,   1.75281250e+01,   4.77812500e+00,\n",
       "         -6.34687500e+00,   6.02812500e+00,  -1.95968750e+01,\n",
       "          2.07812500e+00,   1.21281250e+01,   4.28125000e-01,\n",
       "          1.09062500e+00,  -5.95937500e+00],\n",
       "       [ -7.53437500e+00,   6.57812500e+00,   2.37906250e+01,\n",
       "          1.39781250e+01,   1.06562500e+00,   2.10781250e+01,\n",
       "          5.55312500e+00,  -1.10937500e+00,  -1.34687500e+00,\n",
       "          3.62906250e+01,   4.77812500e+00,   8.80281250e+01,\n",
       "         -8.09687500e+00,  -3.47218750e+01,  -2.83468750e+01,\n",
       "         -2.96718750e+01,   1.03781250e+01,  -5.73218750e+01,\n",
       "         -3.06593750e+01,  -1.27093750e+01],\n",
       "       [  1.34062500e+00,  -5.46875000e-01,   1.41562500e+00,\n",
       "          1.26031250e+01,   1.16906250e+01,  -1.15468750e+01,\n",
       "          2.92812500e+00,   2.01562500e+00,  -1.64718750e+01,\n",
       "          8.66562500e+00,  -6.34687500e+00,  -8.09687500e+00,\n",
       "          1.27781250e+01,  -5.59687500e+00,   1.60281250e+01,\n",
       "         -4.04687500e+00,  -9.24687500e+00,   1.55312500e+00,\n",
       "          3.21562500e+00,  -1.23343750e+01],\n",
       "       [  1.37156250e+01,   5.07812500e+00,  -4.20937500e+00,\n",
       "         -1.75218750e+01,  -1.29343750e+01,  -7.17187500e+00,\n",
       "          3.80312500e+00,  -1.11093750e+01,   1.06531250e+01,\n",
       "         -3.02093750e+01,   6.02812500e+00,  -3.47218750e+01,\n",
       "         -5.59687500e+00,   2.77781250e+01,  -7.09687500e+00,\n",
       "          1.10781250e+01,   9.37812500e+00,   1.76781250e+01,\n",
       "          1.90906250e+01,   6.29062500e+00],\n",
       "       [ -1.90937500e+00,  -1.29687500e+00,  -1.08437500e+00,\n",
       "          1.41031250e+01,   9.19062500e+00,  -2.97968750e+01,\n",
       "         -1.53218750e+01,   3.00156250e+01,  -2.67218750e+01,\n",
       "          1.89156250e+01,  -1.95968750e+01,  -2.83468750e+01,\n",
       "          1.60281250e+01,  -7.09687500e+00,   4.12781250e+01,\n",
       "         -4.68750000e-02,  -1.19968750e+01,   1.78031250e+01,\n",
       "          4.65625000e-01,  -4.58437500e+00],\n",
       "       [ -7.23437500e+00,  -9.87187500e+00,  -2.49093750e+01,\n",
       "         -3.97187500e+00,  -3.63437500e+00,   1.63781250e+01,\n",
       "          1.03125000e-01,  -1.40593750e+01,   2.37031250e+01,\n",
       "         -3.36593750e+01,   2.07812500e+00,  -2.96718750e+01,\n",
       "         -4.04687500e+00,   1.10781250e+01,  -4.68750000e-02,\n",
       "          3.08781250e+01,  -2.45718750e+01,   3.17281250e+01,\n",
       "          8.64062500e+00,   3.10906250e+01],\n",
       "       [  1.31562500e+00,  -1.07187500e+00,   1.38906250e+01,\n",
       "         -2.96718750e+01,  -8.34375000e-01,  -2.57187500e+00,\n",
       "         -6.84687500e+00,   1.62406250e+01,  -5.49687500e+00,\n",
       "          2.51406250e+01,   1.21281250e+01,   1.03781250e+01,\n",
       "         -9.24687500e+00,   9.37812500e+00,  -1.19968750e+01,\n",
       "         -2.45718750e+01,   5.22281250e+01,  -1.59718750e+01,\n",
       "         -3.80937500e+00,  -2.86093750e+01],\n",
       "       [ -1.18843750e+01,  -1.87718750e+01,  -3.18093750e+01,\n",
       "         -1.31218750e+01,   5.46562500e+00,   7.72812500e+00,\n",
       "         -8.29687500e+00,   2.90625000e-01,   1.48031250e+01,\n",
       "         -2.50593750e+01,   4.28125000e-01,  -5.73218750e+01,\n",
       "          1.55312500e+00,   1.76781250e+01,   1.78031250e+01,\n",
       "          3.17281250e+01,  -1.59718750e+01,   4.93281250e+01,\n",
       "          1.34906250e+01,   2.19406250e+01],\n",
       "       [  1.45281250e+01,   6.39062500e+00,  -2.14687500e+00,\n",
       "         -2.70937500e+00,  -5.37187500e+00,  -1.16093750e+01,\n",
       "          8.86562500e+00,  -1.45468750e+01,   9.65625000e-01,\n",
       "         -2.56468750e+01,   1.09062500e+00,  -3.06593750e+01,\n",
       "          3.21562500e+00,   1.90906250e+01,   4.65625000e-01,\n",
       "          8.64062500e+00,  -3.80937500e+00,   1.34906250e+01,\n",
       "          1.89031250e+01,   8.53125000e-01],\n",
       "       [ -7.71875000e-01,   3.84062500e+00,  -1.49468750e+01,\n",
       "          2.49062500e+00,  -2.31718750e+01,   8.59062500e+00,\n",
       "         -7.18437500e+00,  -5.09687500e+00,   2.76656250e+01,\n",
       "         -3.66968750e+01,  -5.95937500e+00,  -1.27093750e+01,\n",
       "         -1.23343750e+01,   6.29062500e+00,  -4.58437500e+00,\n",
       "          3.10906250e+01,  -2.86093750e+01,   2.19406250e+01,\n",
       "          8.53125000e-01,   4.93031250e+01]])"
      ]
     },
     "execution_count": 72,
     "metadata": {},
     "output_type": "execute_result"
    }
   ],
   "source": [
    "cov/4"
   ]
  },
  {
   "cell_type": "code",
   "execution_count": 73,
   "metadata": {
    "collapsed": false,
    "scrolled": false
   },
   "outputs": [
    {
     "data": {
      "text/plain": [
       "array([[  3.33000000e+01,   2.94500000e+01,   1.48500000e+01,\n",
       "          1.87500000e+01,  -1.51500000e+01,  -2.77000000e+01,\n",
       "          1.02500000e+01,   2.00000000e-01,  -4.00000000e-01,\n",
       "         -2.51500000e+01,  -7.15000000e+00,  -2.35500000e+01,\n",
       "          1.02500000e+01,   2.21500000e+01,   1.49500000e+01,\n",
       "          1.57000000e+01,  -1.08000000e+01,   1.58500000e+01,\n",
       "          2.46500000e+01,   2.00500000e+01],\n",
       "       [  2.94500000e+01,   3.03000000e+01,   1.69000000e+01,\n",
       "          2.32500000e+01,  -1.81000000e+01,  -2.75500000e+01,\n",
       "          4.75000000e+00,   7.30000000e+00,  -1.35000000e+00,\n",
       "         -1.81000000e+01,  -1.16000000e+01,  -1.12000000e+01,\n",
       "          8.00000000e+00,   1.31000000e+01,   1.58000000e+01,\n",
       "          1.35500000e+01,  -1.44500000e+01,   9.90000000e+00,\n",
       "          1.61000000e+01,   2.49500000e+01],\n",
       "       [  1.48500000e+01,   1.69000000e+01,   1.27000000e+01,\n",
       "          1.65000000e+01,  -7.80000000e+00,  -2.39000000e+01,\n",
       "         -2.50000000e+00,   1.39000000e+01,  -1.10500000e+01,\n",
       "          1.45000000e+00,  -1.20500000e+01,  -4.85000000e+00,\n",
       "          7.50000000e+00,   1.05000000e+00,   1.71500000e+01,\n",
       "          1.15000000e+00,  -7.35000000e+00,   2.20000000e+00,\n",
       "          4.80000000e+00,   7.60000000e+00],\n",
       "       [  1.87500000e+01,   2.32500000e+01,   1.65000000e+01,\n",
       "          4.50000000e+01,   3.00000000e+00,  -1.65000000e+01,\n",
       "          1.27500000e+01,   2.25000000e+00,  -1.12500000e+01,\n",
       "          1.50000000e+00,  -1.35000000e+01,   1.35000000e+01,\n",
       "          2.02500000e+01,  -9.75000000e+00,   2.25000000e+01,\n",
       "          7.50000000e+00,  -3.22500000e+01,  -2.25000000e+00,\n",
       "          6.75000000e+00,   1.42500000e+01],\n",
       "       [ -1.51500000e+01,  -1.81000000e+01,  -7.80000000e+00,\n",
       "          3.00000000e+00,   2.77000000e+01,   1.41000000e+01,\n",
       "          8.50000000e+00,  -1.06000000e+01,  -1.10500000e+01,\n",
       "          1.84500000e+01,   5.95000000e+00,   7.15000000e+00,\n",
       "          1.05000000e+01,  -1.34500000e+01,   2.15000000e+00,\n",
       "         -1.03500000e+01,  -2.35000000e+00,  -6.80000000e+00,\n",
       "         -4.20000000e+00,  -2.74000000e+01],\n",
       "       [ -2.77000000e+01,  -2.75500000e+01,  -2.39000000e+01,\n",
       "         -1.65000000e+01,   1.41000000e+01,   5.93000000e+01,\n",
       "          1.32500000e+01,  -3.70500000e+01,   3.26000000e+01,\n",
       "         -1.01500000e+01,   2.43500000e+01,   2.89500000e+01,\n",
       "         -1.37500000e+01,  -8.60000000e+00,  -3.90500000e+01,\n",
       "          6.95000000e+00,  -3.30000000e+00,  -8.15000000e+00,\n",
       "         -1.13500000e+01,   2.05000000e+00],\n",
       "       [  1.02500000e+01,   4.75000000e+00,  -2.50000000e+00,\n",
       "          1.27500000e+01,   8.50000000e+00,   1.32500000e+01,\n",
       "          2.35000000e+01,  -2.72500000e+01,   1.17500000e+01,\n",
       "         -2.12500000e+01,   9.75000000e+00,  -3.25000000e+00,\n",
       "          9.25000000e+00,   1.00000000e+01,  -5.25000000e+00,\n",
       "          1.45000000e+01,  -1.52500000e+01,   7.75000000e+00,\n",
       "          1.67500000e+01,   6.50000000e+00],\n",
       "       [  2.00000000e-01,   7.30000000e+00,   1.39000000e+01,\n",
       "          2.25000000e+00,  -1.06000000e+01,  -3.70500000e+01,\n",
       "         -2.72500000e+01,   4.28000000e+01,  -2.81000000e+01,\n",
       "          3.01500000e+01,  -2.18500000e+01,  -1.45000000e+00,\n",
       "         -4.44089210e-16,  -1.26500000e+01,   2.45500000e+01,\n",
       "         -1.82000000e+01,   1.03000000e+01,  -7.60000000e+00,\n",
       "         -1.44000000e+01,  -7.55000000e+00],\n",
       "       [ -4.00000000e-01,  -1.35000000e+00,  -1.10500000e+01,\n",
       "         -1.12500000e+01,  -1.10500000e+01,   3.26000000e+01,\n",
       "          1.17500000e+01,  -2.81000000e+01,   3.67000000e+01,\n",
       "         -3.35500000e+01,   1.64500000e+01,   7.65000000e+00,\n",
       "         -1.47500000e+01,   1.30500000e+01,  -3.08500000e+01,\n",
       "          1.99000000e+01,  -4.10000000e+00,   5.45000000e+00,\n",
       "          5.05000000e+00,   2.63500000e+01],\n",
       "       [ -2.51500000e+01,  -1.81000000e+01,   1.45000000e+00,\n",
       "          1.50000000e+00,   1.84500000e+01,  -1.01500000e+01,\n",
       "         -2.12500000e+01,   3.01500000e+01,  -3.35500000e+01,\n",
       "          5.27000000e+01,  -1.33000000e+01,   1.89000000e+01,\n",
       "          5.00000000e+00,  -3.39500000e+01,   1.84000000e+01,\n",
       "         -3.01000000e+01,   7.65000000e+00,  -2.03000000e+01,\n",
       "         -2.77000000e+01,  -3.36500000e+01],\n",
       "       [ -7.15000000e+00,  -1.16000000e+01,  -1.20500000e+01,\n",
       "         -1.35000000e+01,   5.95000000e+00,   2.43500000e+01,\n",
       "          9.75000000e+00,  -2.18500000e+01,   1.64500000e+01,\n",
       "         -1.33000000e+01,   1.47000000e+01,  -1.10000000e+00,\n",
       "         -5.50000000e+00,   7.05000000e+00,  -1.86000000e+01,\n",
       "          5.90000000e+00,   3.65000000e+00,   3.20000000e+00,\n",
       "          3.80000000e+00,  -1.65000000e+00],\n",
       "       [ -2.35500000e+01,  -1.12000000e+01,  -4.85000000e+00,\n",
       "          1.35000000e+01,   7.15000000e+00,   2.89500000e+01,\n",
       "         -3.25000000e+00,  -1.45000000e+00,   7.65000000e+00,\n",
       "          1.89000000e+01,  -1.10000000e+00,   5.03000000e+01,\n",
       "         -5.50000000e+00,  -3.31500000e+01,  -1.12000000e+01,\n",
       "         -3.70000000e+00,  -1.79500000e+01,  -2.16000000e+01,\n",
       "         -2.74000000e+01,   8.95000000e+00],\n",
       "       [  1.02500000e+01,   8.00000000e+00,   7.50000000e+00,\n",
       "          2.02500000e+01,   1.05000000e+01,  -1.37500000e+01,\n",
       "          9.25000000e+00,  -4.44089210e-16,  -1.47500000e+01,\n",
       "          5.00000000e+00,  -5.50000000e+00,  -5.50000000e+00,\n",
       "          1.65000000e+01,  -1.50000000e+00,   1.75000000e+01,\n",
       "         -7.50000000e-01,  -1.12500000e+01,   2.00000000e+00,\n",
       "          9.00000000e+00,  -7.75000000e+00],\n",
       "       [  2.21500000e+01,   1.31000000e+01,   1.05000000e+00,\n",
       "         -9.75000000e+00,  -1.34500000e+01,  -8.60000000e+00,\n",
       "          1.00000000e+01,  -1.26500000e+01,   1.30500000e+01,\n",
       "         -3.39500000e+01,   7.05000000e+00,  -3.31500000e+01,\n",
       "         -1.50000000e+00,   3.22000000e+01,  -4.65000000e+00,\n",
       "          1.56000000e+01,   6.85000000e+00,   1.98000000e+01,\n",
       "          2.52000000e+01,   1.19000000e+01],\n",
       "       [  1.49500000e+01,   1.58000000e+01,   1.71500000e+01,\n",
       "          2.25000000e+01,   2.15000000e+00,  -3.90500000e+01,\n",
       "         -5.25000000e+00,   2.45500000e+01,  -3.08500000e+01,\n",
       "          1.84000000e+01,  -1.86000000e+01,  -1.12000000e+01,\n",
       "          1.75000000e+01,  -4.65000000e+00,   3.33000000e+01,\n",
       "         -9.20000000e+00,  -5.45000000e+00,   4.00000000e-01,\n",
       "          4.60000000e+00,  -1.00500000e+01],\n",
       "       [  1.57000000e+01,   1.35500000e+01,   1.15000000e+00,\n",
       "          7.50000000e+00,  -1.03500000e+01,   6.95000000e+00,\n",
       "          1.45000000e+01,  -1.82000000e+01,   1.99000000e+01,\n",
       "         -3.01000000e+01,   5.90000000e+00,  -3.70000000e+00,\n",
       "         -7.50000000e-01,   1.56000000e+01,  -9.20000000e+00,\n",
       "          1.93000000e+01,  -1.17000000e+01,   9.65000000e+00,\n",
       "          1.48500000e+01,   2.42000000e+01],\n",
       "       [ -1.08000000e+01,  -1.44500000e+01,  -7.35000000e+00,\n",
       "         -3.22500000e+01,  -2.35000000e+00,  -3.30000000e+00,\n",
       "         -1.52500000e+01,   1.03000000e+01,  -4.10000000e+00,\n",
       "          7.65000000e+00,   3.65000000e+00,  -1.79500000e+01,\n",
       "         -1.12500000e+01,   6.85000000e+00,  -5.45000000e+00,\n",
       "         -1.17000000e+01,   2.83000000e+01,   2.15000000e+00,\n",
       "         -4.65000000e+00,  -1.80500000e+01],\n",
       "       [  1.58500000e+01,   9.90000000e+00,   2.20000000e+00,\n",
       "         -2.25000000e+00,  -6.80000000e+00,  -8.15000000e+00,\n",
       "          7.75000000e+00,  -7.60000000e+00,   5.45000000e+00,\n",
       "         -2.03000000e+01,   3.20000000e+00,  -2.16000000e+01,\n",
       "          2.00000000e+00,   1.98000000e+01,   4.00000000e-01,\n",
       "          9.65000000e+00,   2.15000000e+00,   1.27000000e+01,\n",
       "          1.73000000e+01,   6.35000000e+00],\n",
       "       [  2.46500000e+01,   1.61000000e+01,   4.80000000e+00,\n",
       "          6.75000000e+00,  -4.20000000e+00,  -1.13500000e+01,\n",
       "          1.67500000e+01,  -1.44000000e+01,   5.05000000e+00,\n",
       "         -2.77000000e+01,   3.80000000e+00,  -2.74000000e+01,\n",
       "          9.00000000e+00,   2.52000000e+01,   4.60000000e+00,\n",
       "          1.48500000e+01,  -4.65000000e+00,   1.73000000e+01,\n",
       "          2.67000000e+01,   8.15000000e+00],\n",
       "       [  2.00500000e+01,   2.49500000e+01,   7.60000000e+00,\n",
       "          1.42500000e+01,  -2.74000000e+01,   2.05000000e+00,\n",
       "          6.50000000e+00,  -7.55000000e+00,   2.63500000e+01,\n",
       "         -3.36500000e+01,  -1.65000000e+00,   8.95000000e+00,\n",
       "         -7.75000000e+00,   1.19000000e+01,  -1.00500000e+01,\n",
       "          2.42000000e+01,  -1.80500000e+01,   6.35000000e+00,\n",
       "          8.15000000e+00,   4.63000000e+01]])"
      ]
     },
     "execution_count": 73,
     "metadata": {},
     "output_type": "execute_result"
    }
   ],
   "source": [
    "np.cov(mat)"
   ]
  },
  {
   "cell_type": "code",
   "execution_count": null,
   "metadata": {
    "collapsed": true
   },
   "outputs": [],
   "source": []
  }
 ],
 "metadata": {
  "kernelspec": {
   "display_name": "Python 3",
   "language": "python",
   "name": "python3"
  },
  "language_info": {
   "codemirror_mode": {
    "name": "ipython",
    "version": 3
   },
   "file_extension": ".py",
   "mimetype": "text/x-python",
   "name": "python",
   "nbconvert_exporter": "python",
   "pygments_lexer": "ipython3",
   "version": "3.5.1"
  }
 },
 "nbformat": 4,
 "nbformat_minor": 0
}
